epoch,accuracy,loss,lr,precision,recall,val_accuracy,val_loss,val_precision,val_recall
0,0.009025000035762787,4.605871677398682,0.001,0.0,0.0,0.009999999776482582,4.605187892913818,0.0,0.0
1,0.008574999868869781,4.605932235717773,0.001,0.0,0.0,0.009999999776482582,4.605208873748779,0.0,0.0
0,0.42067500948905945,2.179227828979492,0.001,0.728781521320343,0.2601749897003174,0.5667999982833862,1.5024183988571167,0.7723867297172546,0.43299999833106995
1,0.5900999903678894,1.4260313510894775,0.001,0.7786129117012024,0.45579999685287476,0.631600022315979,1.2591221332550049,0.7775492072105408,0.52920001745224
2,0.6467249989509583,1.198655128479004,0.001,0.8019427061080933,0.5345749855041504,0.6660000085830688,1.171860933303833,0.7807300090789795,0.5817999839782715
3,0.6825000047683716,1.0630358457565308,0.001,0.8169383406639099,0.5838249921798706,0.6794000267982483,1.1010311841964722,0.8016260266304016,0.5916000008583069
4,0.7071250081062317,0.9574734568595886,0.001,0.8254589438438416,0.6171749830245972,0.6887999773025513,1.0961068868637085,0.7825106382369995,0.6245999932289124
5,0.7281749844551086,0.885016918182373,0.001,0.8325173854827881,0.6462000012397766,0.704200029373169,1.0595803260803223,0.802726149559021,0.6478000283241272
6,0.746999979019165,0.8105551600456238,0.001,0.8431341648101807,0.6738749742507935,0.704800009727478,1.0855493545532227,0.7873714566230774,0.6583999991416931
7,0.7598749995231628,0.7600976824760437,0.001,0.8476663827896118,0.6951500177383423,0.7013999819755554,1.071039080619812,0.7895122170448303,0.6474000215530396
8,0.7735249996185303,0.7082255482673645,0.001,0.8500986695289612,0.7107250094413757,0.7116000056266785,1.0761455297470093,0.7852775454521179,0.6678000092506409
9,0.7939249873161316,0.6463137269020081,0.00090000004,0.8628236055374146,0.7382749915122986,0.722599983215332,1.0449719429016113,0.788752019405365,0.6787999868392944
10,0.803725004196167,0.6101133823394775,0.00090000004,0.8669121861457825,0.7533249855041504,0.7224000096321106,1.0481106042861938,0.7953586578369141,0.678600013256073
11,0.8137249946594238,0.5804868340492249,0.00090000004,0.8722348809242249,0.7649499773979187,0.7218000292778015,1.0676161050796509,0.7947822213172913,0.6823999881744385
12,0.8199750185012817,0.5453888177871704,0.00090000004,0.8737643361091614,0.7778249979019165,0.72079998254776,1.105818510055542,0.7855830788612366,0.6844000220298767
13,0.8315250277519226,0.505827784538269,0.00081000006,0.8809900879859924,0.7928249835968018,0.7296000123023987,1.060278058052063,0.790840744972229,0.6941999793052673
14,0.8406000137329102,0.48268499970436096,0.00081000006,0.8851947784423828,0.8020750284194946,0.7342000007629395,1.0755615234375,0.7883538603782654,0.7039999961853027
15,0.843874990940094,0.4701799750328064,0.00081000006,0.8878135681152344,0.8095750212669373,0.7192000150680542,1.1702430248260498,0.7714539766311646,0.6940000057220459
